specbzip: 3.775546 2.980860 2.258659 2.288426 2.191664 
spechmmer: 1.329314 1.268537 1.239103 1.225199 1.219133 
speclibm: 6.581126 3.898976 2.585042 1.968100 1.641887 
specmcf: 1.734977 1.456513 1.458969 1.473444 1.417869 
specsjeng: 11.460964 6.327488 4.034232 2.991550 2.391738 
