specbzip: 2.287404 2.287296 2.287296 2.287296 
spechmmer: 1.225199 1.225414 1.225369 1.225488 
speclibm: 1.968100 1.968100 1.968100 1.968100 
specmcf: 1.473444 1.473444 1.473444 1.473444 
specsjeng: 2.991631 2.991716 2.991801 2.991801 
