specbzip: 2.279221 2.279221 2.279221 2.279221 
spechmmer: 1.244909 1.244321 1.244258 1.244113 
speclibm: 2.606584 2.606584 2.606584 2.606584 
specmcf: 1.459703 1.458696 1.458696 1.458696 
specsjeng: 4.050959 4.050886 4.050861 4.050861 
