specbzip: 2.282948 2.279975 2.279221 2.279275 
spechmmer: 1.276084 1.271272 1.244909 1.239103 
speclibm: 2.606584 2.606584 2.606584 2.606584 
specmcf: 1.492893 1.460760 1.459703 1.458969 
specsjeng: 4.051664 4.051384 4.050959 4.051018 
