specbzip: 2.279163 2.279221 2.276082 2.276371 2.276015 
spechmmer: 1.244909 1.244909 1.244909 1.244909 1.244909 
speclibm: 2.606584 2.606584 2.606584 2.606584 2.605027 
specmcf: 1.459703 1.459703 1.459703 1.459703 1.459703 
specsjeng: 4.050920 4.050959 4.051055 4.050608 4.050507 
