specbzip: 2.293280 2.288891 2.279221 2.254992 
spechmmer: 1.244909 1.244909 1.244909 1.244909 
speclibm: 2.625533 2.619304 2.606584 2.585042 
specmcf: 1.463076 1.460339 1.459703 1.459703 
specsjeng: 4.063191 4.059376 4.050959 4.034242 
